0.000000 -1.000000
0.001000 -0.999306
0.002000 -0.998609
0.003000 -0.997909
0.004000 -0.997208
0.005000 -0.996503
0.006000 -0.995796
0.007000 -0.995087
0.008000 -0.994375
0.009000 -0.993661
0.010000 -0.992944
0.011000 -0.992225
0.012000 -0.991504
0.013000 -0.990779
0.014000 -0.990053
0.015000 -0.989324
0.016000 -0.988592
0.017000 -0.987858
0.018000 -0.987121
0.019000 -0.986382
0.020000 -0.985641
0.021000 -0.984896
0.022000 -0.984150
0.023000 -0.983401
0.024000 -0.982649
0.025000 -0.981895
0.026000 -0.981139
0.027000 -0.980380
0.028000 -0.979618
0.029000 -0.978854
0.030000 -0.978088
0.031000 -0.977319
0.032000 -0.976547
0.033000 -0.975774
0.034000 -0.974997
0.035000 -0.974218
0.036000 -0.973437
0.037000 -0.972653
0.038000 -0.971866
0.039000 -0.971078
0.040000 -0.970286
0.041000 -0.969492
0.042000 -0.968696
0.043000 -0.967897
0.044000 -0.967096
0.045000 -0.966292
0.046000 -0.965485
0.047000 -0.964677
0.048000 -0.963865
0.049000 -0.963051
0.050000 -0.962235
0.051000 -0.961416
0.052000 -0.960595
0.053000 -0.959771
0.054000 -0.958945
0.055000 -0.958116
0.056000 -0.957285
0.057000 -0.956451
0.058000 -0.955614
0.059000 -0.954776
0.060000 -0.953934
0.061000 -0.953090
0.062000 -0.952244
0.063000 -0.951395
0.064000 -0.950544
0.065000 -0.949690
0.066000 -0.948834
0.067000 -0.947975
0.068000 -0.947114
0.069000 -0.946250
0.070000 -0.945383
0.071000 -0.944514
0.072000 -0.943643
0.073000 -0.942769
0.074000 -0.941893
0.075000 -0.941014
0.076000 -0.940133
0.077000 -0.939249
0.078000 -0.938362
0.079000 -0.937473
0.080000 -0.936582
0.081000 -0.935688
0.082000 -0.934792
0.083000 -0.933893
0.084000 -0.932991
0.085000 -0.932087
0.086000 -0.931181
0.087000 -0.930272
0.088000 -0.929360
0.089000 -0.928446
0.090000 -0.927530
0.091000 -0.926611
0.092000 -0.925689
0.093000 -0.924765
0.094000 -0.923839
0.095000 -0.922910
0.096000 -0.921978
0.097000 -0.921044
0.098000 -0.920107
0.099000 -0.919168
0.100000 -0.918227
0.101000 -0.917282
0.102000 -0.916336
0.103000 -0.915387
0.104000 -0.914435
0.105000 -0.913481
0.106000 -0.912524
0.107000 -0.911565
0.108000 -0.910603
0.109000 -0.909639
0.110000 -0.908672
0.111000 -0.907702
0.112000 -0.906731
0.113000 -0.905756
0.114000 -0.904779
0.115000 -0.903800
0.116000 -0.902818
0.117000 -0.901834
0.118000 -0.900847
0.119000 -0.899857
0.120000 -0.898865
0.121000 -0.897871
0.122000 -0.896874
0.123000 -0.895874
0.124000 -0.894872
0.125000 -0.893867
0.126000 -0.892860
0.127000 -0.891850
0.128000 -0.890838
0.129000 -0.889824
0.130000 -0.888806
0.131000 -0.887787
0.132000 -0.886764
0.133000 -0.885739
0.134000 -0.884712
0.135000 -0.883682
0.136000 -0.882650
0.137000 -0.881615
0.138000 -0.880577
0.139000 -0.879537
0.140000 -0.878495
0.141000 -0.877450
0.142000 -0.876402
0.143000 -0.875352
0.144000 -0.874300
0.145000 -0.873244
0.146000 -0.872187
0.147000 -0.871126
0.148000 -0.870064
0.149000 -0.868998
0.150000 -0.867931
0.151000 -0.866860
0.152000 -0.865787
0.153000 -0.864712
0.154000 -0.863634
0.155000 -0.862553
0.156000 -0.861470
0.157000 -0.860385
0.158000 -0.859297
0.159000 -0.858206
0.160000 -0.857113
0.161000 -0.856017
0.162000 -0.854919
0.163000 -0.853818
0.164000 -0.852715
0.165000 -0.851609
0.166000 -0.850501
0.167000 -0.849390
0.168000 -0.848276
0.169000 -0.847160
0.170000 -0.846042
0.171000 -0.844920
0.172000 -0.843797
0.173000 -0.842671
0.174000 -0.841542
0.175000 -0.840411
0.176000 -0.839277
0.177000 -0.838140
0.178000 -0.837002
0.179000 -0.835860
0.180000 -0.834716
0.181000 -0.833570
0.182000 -0.832421
0.183000 -0.831269
0.184000 -0.830115
0.185000 -0.828958
0.186000 -0.827799
0.187000 -0.826637
0.188000 -0.825473
0.189000 -0.824306
0.190000 -0.823136
0.191000 -0.821964
0.192000 -0.820790
0.193000 -0.819613
0.194000 -0.818433
0.195000 -0.817251
0.196000 -0.816066
0.197000 -0.814879
0.198000 -0.813689
0.199000 -0.812497
0.200000 -0.811302
0.201000 -0.810104
0.202000 -0.808904
0.203000 -0.807702
0.204000 -0.806496
0.205000 -0.805289
0.206000 -0.804078
0.207000 -0.802866
0.208000 -0.801650
0.209000 -0.800432
0.210000 -0.799212
0.211000 -0.797989
0.212000 -0.796763
0.213000 -0.795535
0.214000 -0.794304
0.215000 -0.793071
0.216000 -0.791835
0.217000 -0.790597
0.218000 -0.789356
0.219000 -0.788112
0.220000 -0.786866
0.221000 -0.785618
0.222000 -0.784367
0.223000 -0.783113
0.224000 -0.781857
0.225000 -0.780598
0.226000 -0.779336
0.227000 -0.778072
0.228000 -0.776806
0.229000 -0.775537
0.230000 -0.774265
0.231000 -0.772991
0.232000 -0.771714
0.233000 -0.770435
0.234000 -0.769153
0.235000 -0.767868
0.236000 -0.766581
0.237000 -0.765292
0.238000 -0.763999
0.239000 -0.762705
0.240000 -0.761407
0.241000 -0.760107
0.242000 -0.758805
0.243000 -0.757500
0.244000 -0.756192
0.245000 -0.754882
0.246000 -0.753570
0.247000 -0.752254
0.248000 -0.750936
0.249000 -0.749616
0.250000 -0.748293
0.251000 -0.746967
0.252000 -0.745639
0.253000 -0.744308
0.254000 -0.742975
0.255000 -0.741639
0.256000 -0.740301
0.257000 -0.738960
0.258000 -0.737616
0.259000 -0.736270
0.260000 -0.734921
0.261000 -0.733570
0.262000 -0.732216
0.263000 -0.730860
0.264000 -0.729501
0.265000 -0.728139
0.266000 -0.726775
0.267000 -0.725408
0.268000 -0.724039
0.269000 -0.722667
0.270000 -0.721292
0.271000 -0.719915
0.272000 -0.718535
0.273000 -0.717153
0.274000 -0.715768
0.275000 -0.714381
0.276000 -0.712991
0.277000 -0.711598
0.278000 -0.710203
0.279000 -0.708805
0.280000 -0.707405
0.281000 -0.706002
0.282000 -0.704597
0.283000 -0.703189
0.284000 -0.701778
0.285000 -0.700365
0.286000 -0.698949
0.287000 -0.697530
0.288000 -0.696109
0.289000 -0.694686
0.290000 -0.693260
0.291000 -0.691831
0.292000 -0.690400
0.293000 -0.688966
0.294000 -0.687529
0.295000 -0.686090
0.296000 -0.684648
0.297000 -0.683204
0.298000 -0.681757
0.299000 -0.680308
0.300000 -0.678856
0.301000 -0.677401
0.302000 -0.675944
0.303000 -0.674484
0.304000 -0.673021
0.305000 -0.671556
0.306000 -0.670089
0.307000 -0.668619
0.308000 -0.667146
0.309000 -0.665670
0.310000 -0.664192
0.311000 -0.662712
0.312000 -0.661229
0.313000 -0.659743
0.314000 -0.658254
0.315000 -0.656763
0.316000 -0.655270
0.317000 -0.653774
0.318000 -0.652275
0.319000 -0.650773
0.320000 -0.649269
0.321000 -0.647763
0.322000 -0.646254
0.323000 -0.644742
0.324000 -0.643228
0.325000 -0.641711
0.326000 -0.640191
0.327000 -0.638669
0.328000 -0.637144
0.329000 -0.635617
0.330000 -0.634087
0.331000 -0.632554
0.332000 -0.631019
0.333000 -0.629481
0.334000 -0.627941
0.335000 -0.626398
0.336000 -0.624852
0.337000 -0.623304
0.338000 -0.621753
0.339000 -0.620199
0.340000 -0.618643
0.341000 -0.617085
0.342000 -0.615523
0.343000 -0.613960
0.344000 -0.612393
0.345000 -0.610824
0.346000 -0.609252
0.347000 -0.607678
0.348000 -0.606101
0.349000 -0.604522
0.350000 -0.602939
0.351000 -0.601355
0.352000 -0.599767
0.353000 -0.598177
0.354000 -0.596585
0.355000 -0.594989
0.356000 -0.593392
0.357000 -0.591791
0.358000 -0.590188
0.359000 -0.588582
0.360000 -0.586974
0.361000 -0.585363
0.362000 -0.583750
0.363000 -0.582134
0.364000 -0.580515
0.365000 -0.578893
0.366000 -0.577269
0.367000 -0.575643
0.368000 -0.574014
0.369000 -0.572382
0.370000 -0.570747
0.371000 -0.569110
0.372000 -0.567470
0.373000 -0.565828
0.374000 -0.564183
0.375000 -0.562535
0.376000 -0.560885
0.377000 -0.559232
0.378000 -0.557577
0.379000 -0.555919
0.380000 -0.554258
0.381000 -0.552595
0.382000 -0.550929
0.383000 -0.549260
0.384000 -0.547589
0.385000 -0.545915
0.386000 -0.544239
0.387000 -0.542560
0.388000 -0.540878
0.389000 -0.539194
0.390000 -0.537507
0.391000 -0.535817
0.392000 -0.534125
0.393000 -0.532430
0.394000 -0.530732
0.395000 -0.529032
0.396000 -0.527329
0.397000 -0.525624
0.398000 -0.523916
0.399000 -0.522205
0.400000 -0.520492
0.401000 -0.518776
0.402000 -0.517058
0.403000 -0.515336
0.404000 -0.513613
0.405000 -0.511886
0.406000 -0.510157
0.407000 -0.508425
0.408000 -0.506691
0.409000 -0.504954
0.410000 -0.503214
0.411000 -0.501472
0.412000 -0.499727
0.413000 -0.497979
0.414000 -0.496229
0.415000 -0.494476
0.416000 -0.492721
0.417000 -0.490963
0.418000 -0.489202
0.419000 -0.487439
0.420000 -0.485672
0.421000 -0.483904
0.422000 -0.482132
0.423000 -0.480358
0.424000 -0.478582
0.425000 -0.476802
0.426000 -0.475021
0.427000 -0.473236
0.428000 -0.471449
0.429000 -0.469659
0.430000 -0.467866
0.431000 -0.466071
0.432000 -0.464273
0.433000 -0.462473
0.434000 -0.460670
0.435000 -0.458864
0.436000 -0.457056
0.437000 -0.455245
0.438000 -0.453431
0.439000 -0.451615
0.440000 -0.449796
0.441000 -0.447974
0.442000 -0.446150
0.443000 -0.444323
0.444000 -0.442493
0.445000 -0.440661
0.446000 -0.438826
0.447000 -0.436988
0.448000 -0.435148
0.449000 -0.433305
0.450000 -0.431460
0.451000 -0.429612
0.452000 -0.427761
0.453000 -0.425907
0.454000 -0.424051
0.455000 -0.422192
0.456000 -0.420331
0.457000 -0.418467
0.458000 -0.416600
0.459000 -0.414730
0.460000 -0.412858
0.461000 -0.410983
0.462000 -0.409106
0.463000 -0.407226
0.464000 -0.405343
0.465000 -0.403458
0.466000 -0.401570
0.467000 -0.399679
0.468000 -0.397785
0.469000 -0.395889
0.470000 -0.393991
0.471000 -0.392089
0.472000 -0.390185
0.473000 -0.388278
0.474000 -0.386369
0.475000 -0.384457
0.476000 -0.382542
0.477000 -0.380625
0.478000 -0.378705
0.479000 -0.376782
0.480000 -0.374856
0.481000 -0.372928
0.482000 -0.370997
0.483000 -0.369064
0.484000 -0.367128
0.485000 -0.365189
0.486000 -0.363248
0.487000 -0.361304
0.488000 -0.359357
0.489000 -0.357407
0.490000 -0.355455
0.491000 -0.353500
0.492000 -0.351543
0.493000 -0.349583
0.494000 -0.347620
0.495000 -0.345654
0.496000 -0.343686
0.497000 -0.341715
0.498000 -0.339742
0.499000 -0.337765
0.500000 -0.335786
0.501000 -0.333805
0.502000 -0.331821
0.503000 -0.329834
0.504000 -0.327844
0.505000 -0.325852
0.506000 -0.323857
0.507000 -0.321859
0.508000 -0.319859
0.509000 -0.317856
0.510000 -0.315850
0.511000 -0.313841
0.512000 -0.311830
0.513000 -0.309816
0.514000 -0.307800
0.515000 -0.305781
0.516000 -0.303759
0.517000 -0.301734
0.518000 -0.299707
0.519000 -0.297677
0.520000 -0.295645
0.521000 -0.293609
0.522000 -0.291571
0.523000 -0.289531
0.524000 -0.287487
0.525000 -0.285441
0.526000 -0.283393
0.527000 -0.281341
0.528000 -0.279287
0.529000 -0.277230
0.530000 -0.275171
0.531000 -0.273109
0.532000 -0.271044
0.533000 -0.268976
0.534000 -0.266906
0.535000 -0.264833
0.536000 -0.262757
0.537000 -0.260679
0.538000 -0.258598
0.539000 -0.256514
0.540000 -0.254427
0.541000 -0.252338
0.542000 -0.250246
0.543000 -0.248152
0.544000 -0.246055
0.545000 -0.243955
0.546000 -0.241852
0.547000 -0.239747
0.548000 -0.237639
0.549000 -0.235528
0.550000 -0.233414
0.551000 -0.231298
0.552000 -0.229179
0.553000 -0.227058
0.554000 -0.224933
0.555000 -0.222806
0.556000 -0.220677
0.557000 -0.218544
0.558000 -0.216409
0.559000 -0.214271
0.560000 -0.212131
0.561000 -0.209988
0.562000 -0.207842
0.563000 -0.205693
0.564000 -0.203542
0.565000 -0.201387
0.566000 -0.199231
0.567000 -0.197071
0.568000 -0.194909
0.569000 -0.192744
0.570000 -0.190576
0.571000 -0.188406
0.572000 -0.186233
0.573000 -0.184057
0.574000 -0.181879
0.575000 -0.179698
0.576000 -0.177514
0.577000 -0.175327
0.578000 -0.173138
0.579000 -0.170946
0.580000 -0.168751
0.581000 -0.166553
0.582000 -0.164353
0.583000 -0.162150
0.584000 -0.159944
0.585000 -0.157736
0.586000 -0.155525
0.587000 -0.153311
0.588000 -0.151095
0.589000 -0.148875
0.590000 -0.146653
0.591000 -0.144429
0.592000 -0.142201
0.593000 -0.139971
0.594000 -0.137738
0.595000 -0.135502
0.596000 -0.133264
0.597000 -0.131023
0.598000 -0.128779
0.599000 -0.126533
0.600000 -0.124283
0.601000 -0.122031
0.602000 -0.119777
0.603000 -0.117519
0.604000 -0.115259
0.605000 -0.112996
0.606000 -0.110731
0.607000 -0.108462
0.608000 -0.106191
0.609000 -0.103917
0.610000 -0.101641
0.611000 -0.099362
0.612000 -0.097079
0.613000 -0.094795
0.614000 -0.092507
0.615000 -0.090217
0.616000 -0.087924
0.617000 -0.085628
0.618000 -0.083330
0.619000 -0.081029
0.620000 -0.078725
0.621000 -0.076418
0.622000 -0.074109
0.623000 -0.071797
0.624000 -0.069482
0.625000 -0.067164
0.626000 -0.064844
0.627000 -0.062521
0.628000 -0.060195
0.629000 -0.057866
0.630000 -0.055535
0.631000 -0.053201
0.632000 -0.050864
0.633000 -0.048525
0.634000 -0.046182
0.635000 -0.043837
0.636000 -0.041489
0.637000 -0.039139
0.638000 -0.036786
0.639000 -0.034430
0.640000 -0.032071
0.641000 -0.029709
0.642000 -0.027345
0.643000 -0.024978
0.644000 -0.022608
0.645000 -0.020236
0.646000 -0.017860
0.647000 -0.015482
0.648000 -0.013102
0.649000 -0.010718
0.650000 -0.008332
0.651000 -0.005943
0.652000 -0.003551
0.653000 -0.001156
0.654000 0.001241
0.655000 0.003641
0.656000 0.006044
0.657000 0.008449
0.658000 0.010858
0.659000 0.013269
0.660000 0.015683
0.661000 0.018099
0.662000 0.020519
0.663000 0.022941
0.664000 0.025366
0.665000 0.027793
0.666000 0.030224
0.667000 0.032657
0.668000 0.035093
0.669000 0.037532
0.670000 0.039973
0.671000 0.042417
0.672000 0.044864
0.673000 0.047314
0.674000 0.049766
0.675000 0.052222
0.676000 0.054680
0.677000 0.057141
0.678000 0.059604
0.679000 0.062071
0.680000 0.064540
0.681000 0.067012
0.682000 0.069486
0.683000 0.071964
0.684000 0.074444
0.685000 0.076927
0.686000 0.079413
0.687000 0.081901
0.688000 0.084393
0.689000 0.086887
0.690000 0.089384
0.691000 0.091883
0.692000 0.094386
0.693000 0.096891
0.694000 0.099399
0.695000 0.101909
0.696000 0.104423
0.697000 0.106939
0.698000 0.109458
0.699000 0.111980
0.700000 0.114505
0.701000 0.117032
0.702000 0.119562
0.703000 0.122095
0.704000 0.124631
0.705000 0.127170
0.706000 0.129711
0.707000 0.132255
0.708000 0.134802
0.709000 0.137352
0.710000 0.139904
0.711000 0.142459
0.712000 0.145017
0.713000 0.147578
0.714000 0.150142
0.715000 0.152708
0.716000 0.155277
0.717000 0.157849
0.718000 0.160424
0.719000 0.163002
0.720000 0.165582
0.721000 0.168165
0.722000 0.170751
0.723000 0.173340
0.724000 0.175931
0.725000 0.178526
0.726000 0.181123
0.727000 0.183723
0.728000 0.186325
0.729000 0.188931
0.730000 0.191539
0.731000 0.194150
0.732000 0.196764
0.733000 0.199381
0.734000 0.202000
0.735000 0.204622
0.736000 0.207248
0.737000 0.209875
0.738000 0.212506
0.739000 0.215140
0.740000 0.217776
0.741000 0.220415
0.742000 0.223057
0.743000 0.225701
0.744000 0.228349
0.745000 0.230999
0.746000 0.233652
0.747000 0.236308
0.748000 0.238967
0.749000 0.241629
0.750000 0.244293
0.751000 0.246960
0.752000 0.249630
0.753000 0.252303
0.754000 0.254978
0.755000 0.257657
0.756000 0.260338
0.757000 0.263022
0.758000 0.265709
0.759000 0.268398
0.760000 0.271091
0.761000 0.273786
0.762000 0.276484
0.763000 0.279185
0.764000 0.281888
0.765000 0.284595
0.766000 0.287304
0.767000 0.290016
0.768000 0.292731
0.769000 0.295449
0.770000 0.298170
0.771000 0.300893
0.772000 0.303619
0.773000 0.306348
0.774000 0.309080
0.775000 0.311815
0.776000 0.314553
0.777000 0.317293
0.778000 0.320036
0.779000 0.322782
0.780000 0.325531
0.781000 0.328283
0.782000 0.331037
0.783000 0.333794
0.784000 0.336554
0.785000 0.339317
0.786000 0.342083
0.787000 0.344852
0.788000 0.347623
0.789000 0.350397
0.790000 0.353174
0.791000 0.355954
0.792000 0.358737
0.793000 0.361523
0.794000 0.364311
0.795000 0.367102
0.796000 0.369896
0.797000 0.372693
0.798000 0.375493
0.799000 0.378296
0.800000 0.381101
0.801000 0.383909
0.802000 0.386720
0.803000 0.389534
0.804000 0.392351
0.805000 0.395171
0.806000 0.397993
0.807000 0.400819
0.808000 0.403647
0.809000 0.406478
0.810000 0.409311
0.811000 0.412148
0.812000 0.414988
0.813000 0.417830
0.814000 0.420675
0.815000 0.423523
0.816000 0.426374
0.817000 0.429228
0.818000 0.432084
0.819000 0.434944
0.820000 0.437806
0.821000 0.440671
0.822000 0.443539
0.823000 0.446410
0.824000 0.449284
0.825000 0.452160
0.826000 0.455039
0.827000 0.457922
0.828000 0.460807
0.829000 0.463695
0.830000 0.466585
0.831000 0.469479
0.832000 0.472375
0.833000 0.475275
0.834000 0.478177
0.835000 0.481082
0.836000 0.483990
0.837000 0.486901
0.838000 0.489814
0.839000 0.492731
0.840000 0.495650
0.841000 0.498572
0.842000 0.501497
0.843000 0.504425
0.844000 0.507356
0.845000 0.510290
0.846000 0.513226
0.847000 0.516166
0.848000 0.519108
0.849000 0.522053
0.850000 0.525001
0.851000 0.527952
0.852000 0.530905
0.853000 0.533862
0.854000 0.536821
0.855000 0.539784
0.856000 0.542749
0.857000 0.545717
0.858000 0.548688
0.859000 0.551662
0.860000 0.554638
0.861000 0.557618
0.862000 0.560600
0.863000 0.563586
0.864000 0.566574
0.865000 0.569565
0.866000 0.572559
0.867000 0.575555
0.868000 0.578555
0.869000 0.581558
0.870000 0.584563
0.871000 0.587571
0.872000 0.590582
0.873000 0.593596
0.874000 0.596613
0.875000 0.599633
0.876000 0.602656
0.877000 0.605681
0.878000 0.608710
0.879000 0.611741
0.880000 0.614775
0.881000 0.617812
0.882000 0.620852
0.883000 0.623895
0.884000 0.626941
0.885000 0.629990
0.886000 0.633041
0.887000 0.636096
0.888000 0.639153
0.889000 0.642213
0.890000 0.645276
0.891000 0.648342
0.892000 0.651411
0.893000 0.654483
0.894000 0.657557
0.895000 0.660635
0.896000 0.663715
0.897000 0.666799
0.898000 0.669885
0.899000 0.672974
0.900000 0.676066
0.901000 0.679161
0.902000 0.682259
0.903000 0.685359
0.904000 0.688463
0.905000 0.691569
0.906000 0.694679
0.907000 0.697791
0.908000 0.700906
0.909000 0.704024
0.910000 0.707145
0.911000 0.710269
0.912000 0.713396
0.913000 0.716526
0.914000 0.719659
0.915000 0.722794
0.916000 0.725933
0.917000 0.729074
0.918000 0.732218
0.919000 0.735365
0.920000 0.738515
0.921000 0.741668
0.922000 0.744824
0.923000 0.747983
0.924000 0.751145
0.925000 0.754309
0.926000 0.757477
0.927000 0.760647
0.928000 0.763821
0.929000 0.766997
0.930000 0.770176
0.931000 0.773358
0.932000 0.776543
0.933000 0.779731
0.934000 0.782922
0.935000 0.786116
0.936000 0.789312
0.937000 0.792512
0.938000 0.795714
0.939000 0.798920
0.940000 0.802128
0.941000 0.805340
0.942000 0.808554
0.943000 0.811771
0.944000 0.814991
0.945000 0.818214
0.946000 0.821440
0.947000 0.824669
0.948000 0.827900
0.949000 0.831135
0.950000 0.834373
0.951000 0.837613
0.952000 0.840857
0.953000 0.844103
0.954000 0.847352
0.955000 0.850605
0.956000 0.853860
0.957000 0.857118
0.958000 0.860379
0.959000 0.863643
0.960000 0.866910
0.961000 0.870180
0.962000 0.873453
0.963000 0.876728
0.964000 0.880007
0.965000 0.883289
0.966000 0.886573
0.967000 0.889861
0.968000 0.893151
0.969000 0.896444
0.970000 0.899741
0.971000 0.903040
0.972000 0.906342
0.973000 0.909647
0.974000 0.912955
0.975000 0.916266
0.976000 0.919580
0.977000 0.922897
0.978000 0.926217
0.979000 0.929540
0.980000 0.932865
0.981000 0.936194
0.982000 0.939526
0.983000 0.942860
0.984000 0.946198
0.985000 0.949538
0.986000 0.952882
0.987000 0.956228
0.988000 0.959577
0.989000 0.962930
0.990000 0.966285
0.991000 0.969643
0.992000 0.973004
0.993000 0.976368
0.994000 0.979736
0.995000 0.983106
0.996000 0.986479
0.997000 0.989854
0.998000 0.993233
0.999000 0.996615
1.000000 1.000000
1.001000 1.003388
1.002000 1.006779
1.003000 1.010172
1.004000 1.013569
1.005000 1.016968
1.006000 1.020371
1.007000 1.023777
1.008000 1.027185
1.009000 1.030597
1.010000 1.034011
1.011000 1.037429
1.012000 1.040849
1.013000 1.044272
1.014000 1.047699
1.015000 1.051128
1.016000 1.054560
1.017000 1.057995
1.018000 1.061434
1.019000 1.064875
1.020000 1.068319
1.021000 1.071766
1.022000 1.075216
1.023000 1.078669
1.024000 1.082125
1.025000 1.085584
1.026000 1.089046
1.027000 1.092511
1.028000 1.095979
1.029000 1.099450
1.030000 1.102924
1.031000 1.106401
1.032000 1.109881
1.033000 1.113364
1.034000 1.116850
1.035000 1.120339
1.036000 1.123830
1.037000 1.127325
1.038000 1.130823
1.039000 1.134324
1.040000 1.137828
1.041000 1.141334
1.042000 1.144844
1.043000 1.148357
1.044000 1.151873
1.045000 1.155391
1.046000 1.158913
1.047000 1.162438
1.048000 1.165965
1.049000 1.169496
1.050000 1.173030
1.051000 1.176567
1.052000 1.180106
1.053000 1.183649
1.054000 1.187195
1.055000 1.190743
1.056000 1.194295
1.057000 1.197850
1.058000 1.201407
1.059000 1.204968
1.060000 1.208532
1.061000 1.212098
1.062000 1.215668
1.063000 1.219241
1.064000 1.222816
1.065000 1.226395
1.066000 1.229977
1.067000 1.233561
1.068000 1.237149
1.069000 1.240740
1.070000 1.244333
1.071000 1.247930
1.072000 1.251530
1.073000 1.255133
1.074000 1.258738
1.075000 1.262347
1.076000 1.265959
1.077000 1.269574
1.078000 1.273191
1.079000 1.276812
1.080000 1.280436
1.081000 1.284063
1.082000 1.287693
1.083000 1.291326
1.084000 1.294962
1.085000 1.298600
1.086000 1.302242
1.087000 1.305887
1.088000 1.309535
1.089000 1.313186
1.090000 1.316840
1.091000 1.320497
1.092000 1.324157
1.093000 1.327821
1.094000 1.331487
1.095000 1.335156
1.096000 1.338828
1.097000 1.342503
1.098000 1.346181
1.099000 1.349863
1.100000 1.353547
1.101000 1.357234
1.102000 1.360925
1.103000 1.364618
1.104000 1.368314
1.105000 1.372014
1.106000 1.375716
1.107000 1.379422
1.108000 1.383130
1.109000 1.386842
1.110000 1.390556
1.111000 1.394274
1.112000 1.397995
1.113000 1.401719
1.114000 1.405445
1.115000 1.409175
1.116000 1.412908
1.117000 1.416644
1.118000 1.420383
1.119000 1.424125
1.120000 1.427870
1.121000 1.431618
1.122000 1.435369
1.123000 1.439123
1.124000 1.442880
1.125000 1.446640
1.126000 1.450404
1.127000 1.454170
1.128000 1.457939
1.129000 1.461712
1.130000 1.465487
1.131000 1.469266
1.132000 1.473048
1.133000 1.476832
1.134000 1.480620
1.135000 1.484411
1.136000 1.488204
1.137000 1.492001
1.138000 1.495801
1.139000 1.499604
1.140000 1.503410
1.141000 1.507219
1.142000 1.511031
1.143000 1.514847
1.144000 1.518665
1.145000 1.522486
1.146000 1.526311
1.147000 1.530138
1.148000 1.533969
1.149000 1.537802
1.150000 1.541639
1.151000 1.545479
1.152000 1.549321
1.153000 1.553167
1.154000 1.557016
1.155000 1.560868
1.156000 1.564723
1.157000 1.568581
1.158000 1.572443
1.159000 1.576307
1.160000 1.580174
1.161000 1.584045
1.162000 1.587918
1.163000 1.591795
1.164000 1.595674
1.165000 1.599557
1.166000 1.603443
1.167000 1.607332
1.168000 1.611224
1.169000 1.615119
1.170000 1.619017
1.171000 1.622918
1.172000 1.626822
1.173000 1.630730
1.174000 1.634640
1.175000 1.638554
1.176000 1.642470
1.177000 1.646390
1.178000 1.650313
1.179000 1.654239
1.180000 1.658168
1.181000 1.662100
1.182000 1.666035
1.183000 1.669973
1.184000 1.673915
1.185000 1.677859
1.186000 1.681806
1.187000 1.685757
1.188000 1.689711
1.189000 1.693668
1.190000 1.697627
1.191000 1.701590
1.192000 1.705556
1.193000 1.709526
1.194000 1.713498
1.195000 1.717473
1.196000 1.721452
1.197000 1.725433
1.198000 1.729418
1.199000 1.733406
1.200000 1.737397
1.201000 1.741391
1.202000 1.745388
1.203000 1.749388
1.204000 1.753391
1.205000 1.757398
1.206000 1.761407
1.207000 1.765420
1.208000 1.769436
1.209000 1.773454
1.210000 1.777476
1.211000 1.781501
1.212000 1.785530
1.213000 1.789561
1.214000 1.793595
1.215000 1.797633
1.216000 1.801673
1.217000 1.805717
1.218000 1.809764
1.219000 1.813814
1.220000 1.817867
1.221000 1.821923
1.222000 1.825983
1.223000 1.830045
1.224000 1.834111
1.225000 1.838179
1.226000 1.842251
1.227000 1.846326
1.228000 1.850404
1.229000 1.854486
1.230000 1.858570
1.231000 1.862657
1.232000 1.866748
1.233000 1.870842
1.234000 1.874939
1.235000 1.879038
1.236000 1.883142
1.237000 1.887248
1.238000 1.891357
1.239000 1.895470
1.240000 1.899585
1.241000 1.903704
1.242000 1.907826
1.243000 1.911951
1.244000 1.916079
1.245000 1.920211
1.246000 1.924345
1.247000 1.928483
1.248000 1.932623
1.249000 1.936767
1.250000 1.940914
1.251000 1.945064
1.252000 1.949218
1.253000 1.953374
1.254000 1.957534
1.255000 1.961696
1.256000 1.965862
1.257000 1.970031
1.258000 1.974204
1.259000 1.978379
1.260000 1.982557
1.261000 1.986739
1.262000 1.990924
1.263000 1.995112
1.264000 1.999303
1.265000 2.003497
1.266000 2.007694
1.267000 2.011895
1.268000 2.016099
1.269000 2.020306
1.270000 2.024516
1.271000 2.028729
1.272000 2.032945
1.273000 2.037165
1.274000 2.041387
1.275000 2.045613
1.276000 2.049842
1.277000 2.054074
1.278000 2.058310
1.279000 2.062548
1.280000 2.066790
1.281000 2.071035
1.282000 2.075283
1.283000 2.079534
1.284000 2.083788
1.285000 2.088046
1.286000 2.092306
1.287000 2.096570
1.288000 2.100837
1.289000 2.105107
1.290000 2.109381
1.291000 2.113657
1.292000 2.117937
1.293000 2.122220
1.294000 2.126506
1.295000 2.130795
1.296000 2.135087
1.297000 2.139383
1.298000 2.143682
1.299000 2.147984
1.300000 2.152289
1.301000 2.156597
1.302000 2.160909
1.303000 2.165223
1.304000 2.169541
1.305000 2.173862
1.306000 2.178187
1.307000 2.182514
1.308000 2.186845
1.309000 2.191178
1.310000 2.195515
1.311000 2.199856
1.312000 2.204199
1.313000 2.208546
1.314000 2.212895
1.315000 2.217248
1.316000 2.221604
1.317000 2.225964
1.318000 2.230326
1.319000 2.234692
1.320000 2.239061
1.321000 2.243433
1.322000 2.247809
1.323000 2.252187
1.324000 2.256569
1.325000 2.260954
1.326000 2.265342
1.327000 2.269733
1.328000 2.274128
1.329000 2.278526
1.330000 2.282927
1.331000 2.287331
1.332000 2.291738
1.333000 2.296149
1.334000 2.300563
1.335000 2.304980
1.336000 2.309400
1.337000 2.313824
1.338000 2.318250
1.339000 2.322680
1.340000 2.327113
1.341000 2.331550
1.342000 2.335989
1.343000 2.340432
1.344000 2.344878
1.345000 2.349327
1.346000 2.353779
1.347000 2.358235
1.348000 2.362694
1.349000 2.367156
1.350000 2.371621
1.351000 2.376090
1.352000 2.380562
1.353000 2.385037
1.354000 2.389515
1.355000 2.393996
1.356000 2.398481
1.357000 2.402969
1.358000 2.407460
1.359000 2.411954
1.360000 2.416452
1.361000 2.420953
1.362000 2.425457
1.363000 2.429964
1.364000 2.434474
1.365000 2.438988
1.366000 2.443505
1.367000 2.448026
1.368000 2.452549
1.369000 2.457076
1.370000 2.461606
1.371000 2.466139
1.372000 2.470675
1.373000 2.475215
1.374000 2.479758
1.375000 2.484304
1.376000 2.488854
1.377000 2.493406
1.378000 2.497962
1.379000 2.502521
1.380000 2.507084
1.381000 2.511649
1.382000 2.516218
1.383000 2.520790
1.384000 2.525366
1.385000 2.529945
1.386000 2.534527
1.387000 2.539112
1.388000 2.543700
1.389000 2.548292
1.390000 2.552887
1.391000 2.557485
1.392000 2.562087
1.393000 2.566691
1.394000 2.571299
1.395000 2.575911
1.396000 2.580525
1.397000 2.585143
1.398000 2.589764
1.399000 2.594388
1.400000 2.599016
1.401000 2.603647
1.402000 2.608281
1.403000 2.612918
1.404000 2.617559
1.405000 2.622203
1.406000 2.626850
1.407000 2.631501
1.408000 2.636154
1.409000 2.640811
1.410000 2.645472
1.411000 2.650135
1.412000 2.654802
1.413000 2.659472
1.414000 2.664146
1.415000 2.668822
1.416000 2.673502
1.417000 2.678186
1.418000 2.682872
1.419000 2.687562
1.420000 2.692255
1.421000 2.696952
1.422000 2.701651
1.423000 2.706354
1.424000 2.711060
1.425000 2.715770
1.426000 2.720483
1.427000 2.725199
1.428000 2.729918
1.429000 2.734641
1.430000 2.739367
1.431000 2.744096
1.432000 2.748829
1.433000 2.753565
1.434000 2.758304
1.435000 2.763047
1.436000 2.767792
1.437000 2.772542
1.438000 2.777294
1.439000 2.782050
1.440000 2.786809
1.441000 2.791571
1.442000 2.796337
1.443000 2.801105
1.444000 2.805878
1.445000 2.810653
1.446000 2.815432
1.447000 2.820214
1.448000 2.825000
1.449000 2.829788
1.450000 2.834581
1.451000 2.839376
1.452000 2.844175
1.453000 2.848977
1.454000 2.853782
1.455000 2.858591
1.456000 2.863403
1.457000 2.868218
1.458000 2.873036
1.459000 2.877858
1.460000 2.882684
1.461000 2.887512
1.462000 2.892344
1.463000 2.897179
1.464000 2.902018
1.465000 2.906860
1.466000 2.911705
1.467000 2.916553
1.468000 2.921405
1.469000 2.926260
1.470000 2.931119
1.471000 2.935981
1.472000 2.940846
1.473000 2.945714
1.474000 2.950586
1.475000 2.955461
1.476000 2.960340
1.477000 2.965222
1.478000 2.970107
1.479000 2.974995
1.480000 2.979887
1.481000 2.984783
1.482000 2.989681
1.483000 2.994583
1.484000 2.999488
1.485000 3.004397
1.486000 3.009309
1.487000 3.014224
1.488000 3.019143
1.489000 3.024064
1.490000 3.028990
1.491000 3.033918
1.492000 3.038850
1.493000 3.043786
1.494000 3.048724
1.495000 3.053667
1.496000 3.058612
1.497000 3.063561
1.498000 3.068513
1.499000 3.073468
1.500000 3.078427
1.501000 0.128743
1.502000 0.128400
1.503000 0.128057
1.504000 0.127715
1.505000 0.127374
1.506000 0.127033
1.507000 0.126693
1.508000 0.126353
1.509000 0.126015
1.510000 0.125676
1.511000 0.125339
1.512000 0.125002
1.513000 0.124665
1.514000 0.124330
1.515000 0.123995
1.516000 0.123660
1.517000 0.123326
1.518000 0.122993
1.519000 0.122661
1.520000 0.122329
1.521000 0.121997
1.522000 0.121667
1.523000 0.121336
1.524000 0.121007
1.525000 0.120678
1.526000 0.120350
1.527000 0.120022
1.528000 0.119696
1.529000 0.119369
1.530000 0.119044
1.531000 0.118718
1.532000 0.118394
1.533000 0.118070
1.534000 0.117747
1.535000 0.117424
1.536000 0.117103
1.537000 0.116781
1.538000 0.116461
1.539000 0.116141
1.540000 0.115821
1.541000 0.115502
1.542000 0.115184
1.543000 0.114866
1.544000 0.114550
1.545000 0.114233
1.546000 0.113918
1.547000 0.113602
1.548000 0.113288
1.549000 0.112974
1.550000 0.112661
1.551000 0.112348
1.552000 0.112036
1.553000 0.111725
1.554000 0.111414
1.555000 0.111104
1.556000 0.110795
1.557000 0.110486
1.558000 0.110178
1.559000 0.109870
1.560000 0.109563
1.561000 0.109256
1.562000 0.108951
1.563000 0.108645
1.564000 0.108341
1.565000 0.108037
1.566000 0.107734
1.567000 0.107431
1.568000 0.107129
1.569000 0.106827
1.570000 0.106526
1.571000 0.106226
1.572000 0.105927
1.573000 0.105627
1.574000 0.105329
1.575000 0.105031
1.576000 0.104734
1.577000 0.104437
1.578000 0.104141
1.579000 0.103846
1.580000 0.103551
1.581000 0.103257
1.582000 0.102964
1.583000 0.102671
1.584000 0.102378
1.585000 0.102087
1.586000 0.101796
1.587000 0.101505
1.588000 0.101215
1.589000 0.100926
1.590000 0.100637
1.591000 0.100349
1.592000 0.100062
1.593000 0.099775
1.594000 0.099489
1.595000 0.099203
1.596000 0.098918
1.597000 0.098633
1.598000 0.098350
1.599000 0.098066
1.600000 0.097784
1.601000 0.097502
1.602000 0.097220
1.603000 0.096939
1.604000 0.096659
1.605000 0.096379
1.606000 0.096100
1.607000 0.095822
1.608000 0.095544
1.609000 0.095267
1.610000 0.094990
1.611000 0.094714
1.612000 0.094439
1.613000 0.094164
1.614000 0.093889
1.615000 0.093616
1.616000 0.093343
1.617000 0.093070
1.618000 0.092798
1.619000 0.092527
1.620000 0.092256
1.621000 0.091986
1.622000 0.091716
1.623000 0.091447
1.624000 0.091179
1.625000 0.090911
1.626000 0.090644
1.627000 0.090377
1.628000 0.090111
1.629000 0.089846
1.630000 0.089581
1.631000 0.089317
1.632000 0.089053
1.633000 0.088790
1.634000 0.088528
1.635000 0.088266
1.636000 0.088004
1.637000 0.087744
1.638000 0.087483
1.639000 0.087224
1.640000 0.086965
1.641000 0.086706
1.642000 0.086448
1.643000 0.086191
1.644000 0.085935
1.645000 0.085678
1.646000 0.085423
1.647000 0.085168
1.648000 0.084913
1.649000 0.084660
1.650000 0.084406
1.651000 0.084154
1.652000 0.083902
1.653000 0.083650
1.654000 0.083399
1.655000 0.083149
1.656000 0.082899
1.657000 0.082650
1.658000 0.082401
1.659000 0.082153
1.660000 0.081905
1.661000 0.081658
1.662000 0.081412
1.663000 0.081166
1.664000 0.080921
1.665000 0.080676
1.666000 0.080432
1.667000 0.080188
1.668000 0.079945
1.669000 0.079703
1.670000 0.079461
1.671000 0.079220
1.672000 0.078979
1.673000 0.078739
1.674000 0.078499
1.675000 0.078260
1.676000 0.078021
1.677000 0.077784
1.678000 0.077546
1.679000 0.077309
1.680000 0.077073
1.681000 0.076837
1.682000 0.076602
1.683000 0.076367
1.684000 0.076133
1.685000 0.075900
1.686000 0.075667
1.687000 0.075434
1.688000 0.075202
1.689000 0.074971
1.690000 0.074740
1.691000 0.074510
1.692000 0.074280
1.693000 0.074051
1.694000 0.073823
1.695000 0.073595
1.696000 0.073367
1.697000 0.073140
1.698000 0.072914
1.699000 0.072688
1.700000 0.072463
1.701000 0.072238
1.702000 0.072013
1.703000 0.071790
1.704000 0.071567
1.705000 0.071344
1.706000 0.071122
1.707000 0.070900
1.708000 0.070679
1.709000 0.070459
1.710000 0.070239
1.711000 0.070019
1.712000 0.069801
1.713000 0.069582
1.714000 0.069364
1.715000 0.069147
1.716000 0.068930
1.717000 0.068714
1.718000 0.068498
1.719000 0.068283
1.720000 0.068069
1.721000 0.067855
1.722000 0.067641
1.723000 0.067428
1.724000 0.067215
1.725000 0.067003
1.726000 0.066792
1.727000 0.066581
1.728000 0.066371
1.729000 0.066161
1.730000 0.065951
1.731000 0.065742
1.732000 0.065534
1.733000 0.065326
1.734000 0.065119
1.735000 0.064912
1.736000 0.064706
1.737000 0.064500
1.738000 0.064295
1.739000 0.064090
1.740000 0.063886
1.741000 0.063682
1.742000 0.063479
1.743000 0.063276
1.744000 0.063074
1.745000 0.062872
1.746000 0.062671
1.747000 0.062471
1.748000 0.062270
1.749000 0.062071
1.750000 0.061872
1.751000 0.061673
1.752000 0.061475
1.753000 0.061277
1.754000 0.061080
1.755000 0.060884
1.756000 0.060688
1.757000 0.060492
1.758000 0.060297
1.759000 0.060102
1.760000 0.059908
1.761000 0.059715
1.762000 0.059521
1.763000 0.059329
1.764000 0.059137
1.765000 0.058945
1.766000 0.058754
1.767000 0.058563
1.768000 0.058373
1.769000 0.058183
1.770000 0.057994
1.771000 0.057806
1.772000 0.057617
1.773000 0.057430
1.774000 0.057243
1.775000 0.057056
1.776000 0.056870
1.777000 0.056684
1.778000 0.056499
1.779000 0.056314
1.780000 0.056130
1.781000 0.055946
1.782000 0.055762
1.783000 0.055580
1.784000 0.055397
1.785000 0.055215
1.786000 0.055034
1.787000 0.054853
1.788000 0.054672
1.789000 0.054492
1.790000 0.054313
1.791000 0.054134
1.792000 0.053955
1.793000 0.053777
1.794000 0.053600
1.795000 0.053423
1.796000 0.053246
1.797000 0.053070
1.798000 0.052894
1.799000 0.052719
1.800000 0.052544
1.801000 0.052370
1.802000 0.052196
1.803000 0.052022
1.804000 0.051849
1.805000 0.051677
1.806000 0.051505
1.807000 0.051333
1.808000 0.051162
1.809000 0.050992
1.810000 0.050821
1.811000 0.050652
1.812000 0.050483
1.813000 0.050314
1.814000 0.050145
1.815000 0.049978
1.816000 0.049810
1.817000 0.049643
1.818000 0.049477
1.819000 0.049311
1.820000 0.049145
1.821000 0.048980
1.822000 0.048815
1.823000 0.048651
1.824000 0.048487
1.825000 0.048324
1.826000 0.048161
1.827000 0.047998
1.828000 0.047836
1.829000 0.047675
1.830000 0.047513
1.831000 0.047353
1.832000 0.047193
1.833000 0.047033
1.834000 0.046873
1.835000 0.046714
1.836000 0.046556
1.837000 0.046398
1.838000 0.046240
1.839000 0.046083
1.840000 0.045926
1.841000 0.045770
1.842000 0.045614
1.843000 0.045459
1.844000 0.045304
1.845000 0.045149
1.846000 0.044995
1.847000 0.044841
1.848000 0.044688
1.849000 0.044535
1.850000 0.044383
1.851000 0.044231
1.852000 0.044079
1.853000 0.043928
1.854000 0.043777
1.855000 0.043627
1.856000 0.043477
1.857000 0.043327
1.858000 0.043178
1.859000 0.043030
1.860000 0.042882
1.861000 0.042734
1.862000 0.042586
1.863000 0.042440
1.864000 0.042293
1.865000 0.042147
1.866000 0.042001
1.867000 0.041856
1.868000 0.041711
1.869000 0.041567
1.870000 0.041423
1.871000 0.041279
1.872000 0.041136
1.873000 0.040993
1.874000 0.040850
1.875000 0.040708
1.876000 0.040567
1.877000 0.040426
1.878000 0.040285
1.879000 0.040144
1.880000 0.040004
1.881000 0.039865
1.882000 0.039726
1.883000 0.039587
1.884000 0.039449
1.885000 0.039311
1.886000 0.039173
1.887000 0.039036
1.888000 0.038899
1.889000 0.038763
1.890000 0.038627
1.891000 0.038491
1.892000 0.038356
1.893000 0.038221
1.894000 0.038087
1.895000 0.037953
1.896000 0.037819
1.897000 0.037686
1.898000 0.037553
1.899000 0.037420
1.900000 0.037288
1.901000 0.037157
1.902000 0.037025
1.903000 0.036894
1.904000 0.036764
1.905000 0.036634
1.906000 0.036504
1.907000 0.036375
1.908000 0.036246
1.909000 0.036117
1.910000 0.035989
1.911000 0.035861
1.912000 0.035733
1.913000 0.035606
1.914000 0.035480
1.915000 0.035353
1.916000 0.035227
1.917000 0.035102
1.918000 0.034976
1.919000 0.034852
1.920000 0.034727
1.921000 0.034603
1.922000 0.034479
1.923000 0.034356
1.924000 0.034233
1.925000 0.034110
1.926000 0.033988
1.927000 0.033866
1.928000 0.033744
1.929000 0.033623
1.930000 0.033502
1.931000 0.033382
1.932000 0.033262
1.933000 0.033142
1.934000 0.033023
1.935000 0.032904
1.936000 0.032785
1.937000 0.032667
1.938000 0.032549
1.939000 0.032431
1.940000 0.032314
1.941000 0.032197
1.942000 0.032081
1.943000 0.031964
1.944000 0.031849
1.945000 0.031733
1.946000 0.031618
1.947000 0.031503
1.948000 0.031389
1.949000 0.031275
1.950000 0.031161
1.951000 0.031048
1.952000 0.030935
1.953000 0.030822
1.954000 0.030710
1.955000 0.030598
1.956000 0.030486
1.957000 0.030375
1.958000 0.030264
1.959000 0.030153
1.960000 0.030043
1.961000 0.029933
1.962000 0.029823
1.963000 0.029714
1.964000 0.029605
1.965000 0.029497
1.966000 0.029388
1.967000 0.029280
1.968000 0.029173
1.969000 0.029066
1.970000 0.028959
1.971000 0.028852
1.972000 0.028746
1.973000 0.028640
1.974000 0.028534
1.975000 0.028429
1.976000 0.028324
1.977000 0.028220
1.978000 0.028115
1.979000 0.028011
1.980000 0.027908
1.981000 0.027804
1.982000 0.027701
1.983000 0.027599
1.984000 0.027496
1.985000 0.027394
1.986000 0.027293
1.987000 0.027191
1.988000 0.027090
1.989000 0.026990
1.990000 0.026889
1.991000 0.026789
1.992000 0.026689
1.993000 0.026590
1.994000 0.026491
1.995000 0.026392
1.996000 0.026293
1.997000 0.026195
1.998000 0.026097
1.999000 0.026000
2.000000 0.025902
2.001000 0.025805
2.002000 0.025709
2.003000 0.025612
2.004000 0.025516
2.005000 0.025420
2.006000 0.025325
2.007000 0.025230
2.008000 0.025135
2.009000 0.025040
2.010000 0.024946
2.011000 0.024852
2.012000 0.024759
2.013000 0.024665
2.014000 0.024572
2.015000 0.024480
2.016000 0.024387
2.017000 0.024295
2.018000 0.024203
2.019000 0.024112
2.020000 0.024020
2.021000 0.023929
2.022000 0.023839
2.023000 0.023748
2.024000 0.023658
2.025000 0.023569
2.026000 0.023479
2.027000 0.023390
2.028000 0.023301
2.029000 0.023212
2.030000 0.023124
2.031000 0.023036
2.032000 0.022948
2.033000 0.022861
2.034000 0.022774
2.035000 0.022687
2.036000 0.022600
2.037000 0.022514
2.038000 0.022428
2.039000 0.022342
2.040000 0.022256
2.041000 0.022171
2.042000 0.022086
2.043000 0.022002
2.044000 0.021917
2.045000 0.021833
2.046000 0.021749
2.047000 0.021666
2.048000 0.021583
2.049000 0.021500
2.050000 0.021417
2.051000 0.021334
2.052000 0.021252
2.053000 0.021170
2.054000 0.021089
2.055000 0.021007
2.056000 0.020926
2.057000 0.020845
2.058000 0.020765
2.059000 0.020684
2.060000 0.020604
2.061000 0.020525
2.062000 0.020445
2.063000 0.020366
2.064000 0.020287
2.065000 0.020208
2.066000 0.020130
2.067000 0.020052
2.068000 0.019974
2.069000 0.019896
2.070000 0.019819
2.071000 0.019742
2.072000 0.019665
2.073000 0.019588
2.074000 0.019512
2.075000 0.019436
2.076000 0.019360
2.077000 0.019284
2.078000 0.019209
2.079000 0.019134
2.080000 0.019059
2.081000 0.018984
2.082000 0.018910
2.083000 0.018836
2.084000 0.018762
2.085000 0.018689
2.086000 0.018615
2.087000 0.018542
2.088000 0.018469
2.089000 0.018397
2.090000 0.018324
2.091000 0.018252
2.092000 0.018181
2.093000 0.018109
2.094000 0.018038
2.095000 0.017966
2.096000 0.017896
2.097000 0.017825
2.098000 0.017755
2.099000 0.017684
2.100000 0.017615
2.101000 0.017545
2.102000 0.017475
2.103000 0.017406
2.104000 0.017337
2.105000 0.017269
2.106000 0.017200
2.107000 0.017132
2.108000 0.017064
2.109000 0.016996
2.110000 0.016929
2.111000 0.016861
2.112000 0.016794
2.113000 0.016727
2.114000 0.016661
2.115000 0.016594
2.116000 0.016528
2.117000 0.016462
2.118000 0.016396
2.119000 0.016331
2.120000 0.016266
2.121000 0.016201
2.122000 0.016136
2.123000 0.016071
2.124000 0.016007
2.125000 0.015943
2.126000 0.015879
2.127000 0.015815
2.128000 0.015752
2.129000 0.015689
2.130000 0.015626
2.131000 0.015563
2.132000 0.015500
2.133000 0.015438
2.134000 0.015376
2.135000 0.015314
2.136000 0.015252
2.137000 0.015191
2.138000 0.015130
2.139000 0.015068
2.140000 0.015008
2.141000 0.014947
2.142000 0.014887
2.143000 0.014826
2.144000 0.014766
2.145000 0.014707
2.146000 0.014647
2.147000 0.014588
2.148000 0.014529
2.149000 0.014470
2.150000 0.014411
2.151000 0.014352
2.152000 0.014294
2.153000 0.014236
2.154000 0.014178
2.155000 0.014120
2.156000 0.014063
2.157000 0.014006
2.158000 0.013949
2.159000 0.013892
2.160000 0.013835
2.161000 0.013779
2.162000 0.013722
2.163000 0.013666
2.164000 0.013610
2.165000 0.013555
2.166000 0.013499
2.167000 0.013444
2.168000 0.013389
2.169000 0.013334
2.170000 0.013279
2.171000 0.013225
2.172000 0.013171
2.173000 0.013117
2.174000 0.013063
2.175000 0.013009
2.176000 0.012956
2.177000 0.012902
2.178000 0.012849
2.179000 0.012796
2.180000 0.012743
2.181000 0.012691
2.182000 0.012639
2.183000 0.012586
2.184000 0.012534
2.185000 0.012483
2.186000 0.012431
2.187000 0.012380
2.188000 0.012328
2.189000 0.012277
2.190000 0.012227
2.191000 0.012176
2.192000 0.012125
2.193000 0.012075
2.194000 0.012025
2.195000 0.011975
2.196000 0.011925
2.197000 0.011876
2.198000 0.011826
2.199000 0.011777
2.200000 0.011728
2.201000 0.011679
2.202000 0.011631
2.203000 0.011582
2.204000 0.011534
2.205000 0.011486
2.206000 0.011438
2.207000 0.011390
2.208000 0.011342
2.209000 0.011295
2.210000 0.011248
2.211000 0.011200
2.212000 0.011154
2.213000 0.011107
2.214000 0.011060
2.215000 0.011014
2.216000 0.010968
2.217000 0.010922
2.218000 0.010876
2.219000 0.010830
2.220000 0.010784
2.221000 0.010739
2.222000 0.010694
2.223000 0.010649
2.224000 0.010604
2.225000 0.010559
2.226000 0.010515
2.227000 0.010470
2.228000 0.010426
2.229000 0.010382
2.230000 0.010338
2.231000 0.010295
2.232000 0.010251
2.233000 0.010208
2.234000 0.010164
2.235000 0.010121
2.236000 0.010078
2.237000 0.010036
2.238000 0.009993
2.239000 0.009951
2.240000 0.009909
2.241000 0.009866
2.242000 0.009824
2.243000 0.009783
2.244000 0.009741
2.245000 0.009700
2.246000 0.009658
2.247000 0.009617
2.248000 0.009576
2.249000 0.009535
2.250000 0.009495
2.251000 0.009454
2.252000 0.009414
2.253000 0.009373
2.254000 0.009333
2.255000 0.009293
2.256000 0.009254
2.257000 0.009214
2.258000 0.009175
2.259000 0.009135
2.260000 0.009096
2.261000 0.009057
2.262000 0.009018
2.263000 0.008979
2.264000 0.008941
2.265000 0.008902
2.266000 0.008864
2.267000 0.008826
2.268000 0.008788
2.269000 0.008750
2.270000 0.008712
2.271000 0.008675
2.272000 0.008637
2.273000 0.008600
2.274000 0.008563
2.275000 0.008526
2.276000 0.008489
2.277000 0.008452
2.278000 0.008416
2.279000 0.008379
2.280000 0.008343
2.281000 0.008307
2.282000 0.008271
2.283000 0.008235
2.284000 0.008199
2.285000 0.008164
2.286000 0.008128
2.287000 0.008093
2.288000 0.008058
2.289000 0.008023
2.290000 0.007988
2.291000 0.007953
2.292000 0.007919
2.293000 0.007884
2.294000 0.007850
2.295000 0.007815
2.296000 0.007781
2.297000 0.007747
2.298000 0.007713
2.299000 0.007680
2.300000 0.007646
2.301000 0.007613
2.302000 0.007579
2.303000 0.007546
2.304000 0.007513
2.305000 0.007480
2.306000 0.007447
2.307000 0.007415
2.308000 0.007382
2.309000 0.007350
2.310000 0.007318
2.311000 0.007285
2.312000 0.007253
2.313000 0.007221
2.314000 0.007190
2.315000 0.007158
2.316000 0.007126
2.317000 0.007095
2.318000 0.007064
2.319000 0.007033
2.320000 0.007002
2.321000 0.006971
2.322000 0.006940
2.323000 0.006909
2.324000 0.006879
2.325000 0.006848
2.326000 0.006818
2.327000 0.006788
2.328000 0.006758
2.329000 0.006728
2.330000 0.006698
2.331000 0.006668
2.332000 0.006639
2.333000 0.006609
2.334000 0.006580
2.335000 0.006550
2.336000 0.006521
2.337000 0.006492
2.338000 0.006463
2.339000 0.006435
2.340000 0.006406
2.341000 0.006377
2.342000 0.006349
2.343000 0.006321
2.344000 0.006292
2.345000 0.006264
2.346000 0.006236
2.347000 0.006208
2.348000 0.006181
2.349000 0.006153
2.350000 0.006126
2.351000 0.006098
2.352000 0.006071
2.353000 0.006044
2.354000 0.006016
2.355000 0.005989
2.356000 0.005963
2.357000 0.005936
2.358000 0.005909
2.359000 0.005883
2.360000 0.005856
2.361000 0.005830
2.362000 0.005804
2.363000 0.005777
2.364000 0.005751
2.365000 0.005725
2.366000 0.005700
2.367000 0.005674
2.368000 0.005648
2.369000 0.005623
2.370000 0.005597
2.371000 0.005572
2.372000 0.005547
2.373000 0.005522
2.374000 0.005497
2.375000 0.005472
2.376000 0.005447
2.377000 0.005422
2.378000 0.005398
2.379000 0.005373
2.380000 0.005349
2.381000 0.005325
2.382000 0.005301
2.383000 0.005276
2.384000 0.005252
2.385000 0.005229
2.386000 0.005205
2.387000 0.005181
2.388000 0.005157
2.389000 0.005134
2.390000 0.005111
2.391000 0.005087
2.392000 0.005064
2.393000 0.005041
2.394000 0.005018
2.395000 0.004995
2.396000 0.004972
2.397000 0.004949
2.398000 0.004927
2.399000 0.004904
2.400000 0.004882
2.401000 0.004859
2.402000 0.004837
2.403000 0.004815
2.404000 0.004793
2.405000 0.004771
2.406000 0.004749
2.407000 0.004727
2.408000 0.004705
2.409000 0.004684
2.410000 0.004662
2.411000 0.004641
2.412000 0.004619
2.413000 0.004598
2.414000 0.004577
2.415000 0.004556
2.416000 0.004535
2.417000 0.004514
2.418000 0.004493
2.419000 0.004472
2.420000 0.004451
2.421000 0.004431
2.422000 0.004410
2.423000 0.004390
2.424000 0.004370
2.425000 0.004349
2.426000 0.004329
2.427000 0.004309
2.428000 0.004289
2.429000 0.004269
2.430000 0.004249
2.431000 0.004230
2.432000 0.004210
2.433000 0.004191
2.434000 0.004171
2.435000 0.004152
2.436000 0.004132
2.437000 0.004113
2.438000 0.004094
2.439000 0.004075
2.440000 0.004056
2.441000 0.004037
2.442000 0.004018
2.443000 0.003999
2.444000 0.003981
2.445000 0.003962
2.446000 0.003943
2.447000 0.003925
2.448000 0.003907
2.449000 0.003888
2.450000 0.003870
2.451000 0.003852
2.452000 0.003834
2.453000 0.003816
2.454000 0.003798
2.455000 0.003780
2.456000 0.003763
2.457000 0.003745
2.458000 0.003727
2.459000 0.003710
2.460000 0.003692
2.461000 0.003675
2.462000 0.003658
2.463000 0.003640
2.464000 0.003623
2.465000 0.003606
2.466000 0.003589
2.467000 0.003572
2.468000 0.003555
2.469000 0.003538
2.470000 0.003522
2.471000 0.003505
2.472000 0.003489
2.473000 0.003472
2.474000 0.003456
2.475000 0.003439
2.476000 0.003423
2.477000 0.003407
2.478000 0.003391
2.479000 0.003374
2.480000 0.003358
2.481000 0.003343
2.482000 0.003327
2.483000 0.003311
2.484000 0.003295
2.485000 0.003279
2.486000 0.003264
2.487000 0.003248
2.488000 0.003233
2.489000 0.003217
2.490000 0.003202
2.491000 0.003187
2.492000 0.003172
2.493000 0.003156
2.494000 0.003141
2.495000 0.003126
2.496000 0.003111
2.497000 0.003097
2.498000 0.003082
2.499000 0.003067
2.500000 0.003052
2.501000 0.003038
2.502000 0.003023
2.503000 0.003009
2.504000 0.002994
2.505000 0.002980
2.506000 0.002966
2.507000 0.002951
2.508000 0.002937
2.509000 0.002923
2.510000 0.002909
2.511000 0.002895
2.512000 0.002881
2.513000 0.002867
2.514000 0.002853
2.515000 0.002840
2.516000 0.002826
2.517000 0.002812
2.518000 0.002799
2.519000 0.002785
2.520000 0.002772
2.521000 0.002758
2.522000 0.002745
2.523000 0.002732
2.524000 0.002719
2.525000 0.002705
2.526000 0.002692
2.527000 0.002679
2.528000 0.002666
2.529000 0.002653
2.530000 0.002640
2.531000 0.002628
2.532000 0.002615
2.533000 0.002602
2.534000 0.002590
2.535000 0.002577
2.536000 0.002564
2.537000 0.002552
2.538000 0.002540
2.539000 0.002527
2.540000 0.002515
2.541000 0.002503
2.542000 0.002490
2.543000 0.002478
2.544000 0.002466
2.545000 0.002454
2.546000 0.002442
2.547000 0.002430
2.548000 0.002418
2.549000 0.002407
2.550000 0.002395
2.551000 0.002383
2.552000 0.002371
2.553000 0.002360
2.554000 0.002348
2.555000 0.002337
2.556000 0.002325
2.557000 0.002314
2.558000 0.002303
2.559000 0.002291
2.560000 0.002280
2.561000 0.002269
2.562000 0.002258
2.563000 0.002247
2.564000 0.002235
2.565000 0.002224
2.566000 0.002213
2.567000 0.002203
2.568000 0.002192
2.569000 0.002181
2.570000 0.002170
2.571000 0.002159
2.572000 0.002149
2.573000 0.002138
2.574000 0.002128
2.575000 0.002117
2.576000 0.002107
2.577000 0.002096
2.578000 0.002086
2.579000 0.002076
2.580000 0.002065
2.581000 0.002055
2.582000 0.002045
2.583000 0.002035
2.584000 0.002025
2.585000 0.002015
2.586000 0.002005
2.587000 0.001995
2.588000 0.001985
2.589000 0.001975
2.590000 0.001965
2.591000 0.001955
2.592000 0.001945
2.593000 0.001936
2.594000 0.001926
2.595000 0.001917
2.596000 0.001907
2.597000 0.001897
2.598000 0.001888
2.599000 0.001879
2.600000 0.001869
2.601000 0.001860
2.602000 0.001851
2.603000 0.001841
2.604000 0.001832
2.605000 0.001823
2.606000 0.001814
2.607000 0.001805
2.608000 0.001796
2.609000 0.001787
2.610000 0.001778
2.611000 0.001769
2.612000 0.001760
2.613000 0.001751
2.614000 0.001742
2.615000 0.001734
2.616000 0.001725
2.617000 0.001716
2.618000 0.001708
2.619000 0.001699
2.620000 0.001690
2.621000 0.001682
2.622000 0.001673
2.623000 0.001665
2.624000 0.001657
2.625000 0.001648
2.626000 0.001640
2.627000 0.001632
2.628000 0.001623
2.629000 0.001615
2.630000 0.001607
2.631000 0.001599
2.632000 0.001591
2.633000 0.001583
2.634000 0.001575
2.635000 0.001567
2.636000 0.001559
2.637000 0.001551
2.638000 0.001543
2.639000 0.001535
2.640000 0.001527
2.641000 0.001520
2.642000 0.001512
2.643000 0.001504
2.644000 0.001497
2.645000 0.001489
2.646000 0.001481
2.647000 0.001474
2.648000 0.001466
2.649000 0.001459
2.650000 0.001451
2.651000 0.001444
2.652000 0.001437
2.653000 0.001429
2.654000 0.001422
2.655000 0.001415
2.656000 0.001408
2.657000 0.001400
2.658000 0.001393
2.659000 0.001386
2.660000 0.001379
2.661000 0.001372
2.662000 0.001365
2.663000 0.001358
2.664000 0.001351
2.665000 0.001344
2.666000 0.001337
2.667000 0.001330
2.668000 0.001323
2.669000 0.001317
2.670000 0.001310
2.671000 0.001303
2.672000 0.001296
2.673000 0.001290
2.674000 0.001283
2.675000 0.001276
2.676000 0.001270
2.677000 0.001263
2.678000 0.001257
2.679000 0.001250
2.680000 0.001244
2.681000 0.001237
2.682000 0.001231
2.683000 0.001225
2.684000 0.001218
2.685000 0.001212
2.686000 0.001206
2.687000 0.001200
2.688000 0.001193
2.689000 0.001187
2.690000 0.001181
2.691000 0.001175
2.692000 0.001169
2.693000 0.001163
2.694000 0.001157
2.695000 0.001151
2.696000 0.001145
2.697000 0.001139
2.698000 0.001133
2.699000 0.001127
2.700000 0.001121
2.701000 0.001115
2.702000 0.001110
2.703000 0.001104
2.704000 0.001098
2.705000 0.001092
2.706000 0.001087
2.707000 0.001081
2.708000 0.001075
2.709000 0.001070
2.710000 0.001064
2.711000 0.001059
2.712000 0.001053
2.713000 0.001048
2.714000 0.001042
2.715000 0.001037
2.716000 0.001031
2.717000 0.001026
2.718000 0.001020
2.719000 0.001015
2.720000 0.001010
2.721000 0.001004
2.722000 0.000999
2.723000 0.000994
2.724000 0.000989
2.725000 0.000984
2.726000 0.000978
2.727000 0.000973
2.728000 0.000968
2.729000 0.000963
2.730000 0.000958
2.731000 0.000953
2.732000 0.000948
2.733000 0.000943
2.734000 0.000938
2.735000 0.000933
2.736000 0.000928
2.737000 0.000923
2.738000 0.000918
2.739000 0.000913
2.740000 0.000909
2.741000 0.000904
2.742000 0.000899
2.743000 0.000894
2.744000 0.000890
2.745000 0.000885
2.746000 0.000880
2.747000 0.000875
2.748000 0.000871
2.749000 0.000866
2.750000 0.000862
2.751000 0.000857
2.752000 0.000852
2.753000 0.000848
2.754000 0.000843
2.755000 0.000839
2.756000 0.000835
2.757000 0.000830
2.758000 0.000826
2.759000 0.000821
2.760000 0.000817
2.761000 0.000813
2.762000 0.000808
2.763000 0.000804
2.764000 0.000800
2.765000 0.000795
2.766000 0.000791
2.767000 0.000787
2.768000 0.000783
2.769000 0.000779
2.770000 0.000774
2.771000 0.000770
2.772000 0.000766
2.773000 0.000762
2.774000 0.000758
2.775000 0.000754
2.776000 0.000750
2.777000 0.000746
2.778000 0.000742
2.779000 0.000738
2.780000 0.000734
2.781000 0.000730
2.782000 0.000726
2.783000 0.000722
2.784000 0.000718
2.785000 0.000714
2.786000 0.000711
2.787000 0.000707
2.788000 0.000703
2.789000 0.000699
2.790000 0.000695
2.791000 0.000692
2.792000 0.000688
2.793000 0.000684
2.794000 0.000680
2.795000 0.000677
2.796000 0.000673
2.797000 0.000670
2.798000 0.000666
2.799000 0.000662
2.800000 0.000659
2.801000 0.000655
2.802000 0.000652
2.803000 0.000648
2.804000 0.000645
2.805000 0.000641
2.806000 0.000638
2.807000 0.000634
2.808000 0.000631
2.809000 0.000627
2.810000 0.000624
2.811000 0.000621
2.812000 0.000617
2.813000 0.000614
2.814000 0.000610
2.815000 0.000607
2.816000 0.000604
2.817000 0.000601
2.818000 0.000597
2.819000 0.000594
2.820000 0.000591
2.821000 0.000588
2.822000 0.000584
2.823000 0.000581
2.824000 0.000578
2.825000 0.000575
2.826000 0.000572
2.827000 0.000569
2.828000 0.000566
2.829000 0.000562
2.830000 0.000559
2.831000 0.000556
2.832000 0.000553
2.833000 0.000550
2.834000 0.000547
2.835000 0.000544
2.836000 0.000541
2.837000 0.000538
2.838000 0.000535
2.839000 0.000532
2.840000 0.000529
2.841000 0.000527
2.842000 0.000524
2.843000 0.000521
2.844000 0.000518
2.845000 0.000515
2.846000 0.000512
2.847000 0.000509
2.848000 0.000507
2.849000 0.000504
2.850000 0.000501
2.851000 0.000498
2.852000 0.000496
2.853000 0.000493
2.854000 0.000490
2.855000 0.000487
2.856000 0.000485
2.857000 0.000482
2.858000 0.000479
2.859000 0.000477
2.860000 0.000474
2.861000 0.000471
2.862000 0.000469
2.863000 0.000466
2.864000 0.000464
2.865000 0.000461
2.866000 0.000459
2.867000 0.000456
2.868000 0.000453
2.869000 0.000451
2.870000 0.000448
2.871000 0.000446
2.872000 0.000443
2.873000 0.000441
2.874000 0.000439
2.875000 0.000436
2.876000 0.000434
2.877000 0.000431
2.878000 0.000429
2.879000 0.000426
2.880000 0.000424
2.881000 0.000422
2.882000 0.000419
2.883000 0.000417
2.884000 0.000415
2.885000 0.000412
2.886000 0.000410
2.887000 0.000408
2.888000 0.000406
2.889000 0.000403
2.890000 0.000401
2.891000 0.000399
2.892000 0.000397
2.893000 0.000394
2.894000 0.000392
2.895000 0.000390
2.896000 0.000388
2.897000 0.000386
2.898000 0.000383
2.899000 0.000381
2.900000 0.000379
2.901000 0.000377
2.902000 0.000375
2.903000 0.000373
2.904000 0.000371
2.905000 0.000369
2.906000 0.000367
2.907000 0.000364
2.908000 0.000362
2.909000 0.000360
2.910000 0.000358
2.911000 0.000356
2.912000 0.000354
2.913000 0.000352
2.914000 0.000350
2.915000 0.000348
2.916000 0.000346
2.917000 0.000344
2.918000 0.000342
2.919000 0.000341
2.920000 0.000339
2.921000 0.000337
2.922000 0.000335
2.923000 0.000333
2.924000 0.000331
2.925000 0.000329
2.926000 0.000327
2.927000 0.000325
2.928000 0.000324
2.929000 0.000322
2.930000 0.000320
2.931000 0.000318
2.932000 0.000316
2.933000 0.000315
2.934000 0.000313
2.935000 0.000311
2.936000 0.000309
2.937000 0.000307
2.938000 0.000306
2.939000 0.000304
2.940000 0.000302
2.941000 0.000300
2.942000 0.000299
2.943000 0.000297
2.944000 0.000295
2.945000 0.000294
2.946000 0.000292
2.947000 0.000290
2.948000 0.000289
2.949000 0.000287
2.950000 0.000285
2.951000 0.000284
2.952000 0.000282
2.953000 0.000281
2.954000 0.000279
2.955000 0.000277
2.956000 0.000276
2.957000 0.000274
2.958000 0.000273
2.959000 0.000271
2.960000 0.000269
2.961000 0.000268
2.962000 0.000266
2.963000 0.000265
2.964000 0.000263
2.965000 0.000262
2.966000 0.000260
2.967000 0.000259
2.968000 0.000257
2.969000 0.000256
2.970000 0.000254
2.971000 0.000253
2.972000 0.000251
2.973000 0.000250
2.974000 0.000249
2.975000 0.000247
2.976000 0.000246
2.977000 0.000244
2.978000 0.000243
2.979000 0.000241
2.980000 0.000240
2.981000 0.000239
2.982000 0.000237
2.983000 0.000236
2.984000 0.000235
2.985000 0.000233
2.986000 0.000232
2.987000 0.000231
2.988000 0.000229
2.989000 0.000228
2.990000 0.000227
2.991000 0.000225
2.992000 0.000224
2.993000 0.000223
2.994000 0.000221
2.995000 0.000220
2.996000 0.000219
2.997000 0.000218
2.998000 0.000216
2.999000 0.000215
3.000000 0.000214
